573 307 740 152
663 492 166 461
56 789 107 368
86 746 559 669
584 203 76 6
410 472 115 597
389 217 92 82
126 194 315 744
558 117 147 675
386 680 111 285
721 290 743 746
370 611 599 625
195 99 782 546
606 159 711 569
586 250 475 478
116 510 23 423
513 455 364 255
675 700 776 294
42 735 358 442
445 615 354 468
234 524 79 565
538 67 588 483
680 298 692 79
595 135 725 409
338 76 611 534
40 701 398 17
729 245 18 495
59 550 238 247
464 447 695 146
339 627 173 367
433 600 461 491
570 237 169 303
87 639 246 282
415 718 356 320
229 300 307 755
404 37 388 513
606 581 589 542
688 23 594 676
299 490 16 632
367 249 731 655
