points
52 780
476 449
13 274
339 792
311 190
762 110
28 147
212 689
671 277
335 46
714 369
722 786
616 637
629 527
308 161
85 98
402 535
552 371
732 494
654 61
479 341
232 526
648 534
205 209
729 577
763 298
544 459
268 193
202 278
137 67
660 531
2 422
706 229
319 204
788 232
529 553
53 754
108 104
725 537
25 42
circles
231 401 58 277
514 157 339 166
263 564 685 569
758 775 201 424
681 499 270 736
228 101 123 103
78 98 384 317
735 486 237 514
538 139 426 473
381 396 297 523
406 426 474 207
185 399 285 168
431 113 61 175
529 153 795 19
21 5 264 767
8 523 343 123
605 735 434 373
197 23 204 353
159 428 535 798
626 420 375 348
121 302 311 443
446 781 378 53
138 185 244 447
123 226 283 779
311 151 312 498
97 134 322 176
234 388 141 560
297 655 287 779
590 594 387 683
467 41 130 372
0
