232 34
230 193
751 344
627 565
153 25
58 559
672 546
218 310
585 684
239 452
639 78
523 462
512 99
584 616
22 654
285 355
553 59
272 537
83 520
396 330
437 100
115 455
776 182
181 367
214 353
321 377
393 615
474 657
100 12
526 678
241 316
68 324
443 239
276 637
670 139
540 717
187 491
751 702
368 576
624 233
199 725
608 510
590 407
372 294
263 404
459 487
545 579
479 328
295 229
377 182
246 554
330 646
693 311
631 731
192 166
660 234
582 527
149 157
437 6
225 533
785 709
776 307
300 299
246 57
563 229
168 492
165 76
543 252
106 751
275 680
609 786
105 252
602 631
680 188
261 189
648 357
587 742
524 210
92 221
242 349
